

Faça um algoritmo de ordenação utilizando o método insertion sort.
Crie um método que execute as seguintes operações:

- Tamanho do vetor: 30;
- Utilize números ímpares;
- Opere em ordem crescente.

Realize essa atividade no WORD ou no Bloco de Notas, suba esse arquivo para algum repositório e compartilhe o link no campo ao lado para que outros desenvolvedores possam analisá-lo.


v = [13,17,9,7,11,23,33,27,31,37,69,71,77,83,25,39,3,1,89,93,29,97,73,5,99,43,47,49,41]

// o primeiro laço percorre o vetor completamente
for()
    // o segundo laço percorre o vetor para trás
    // empurrando o número para o início do vetor
    while


13 [17] 9 7 11 23 ...
(13 17) 9 7 11 23 ...
Permanece

13 17 [9] 7 11 23 ...
13 17 (9 7) 11 23 ...
13 17 7 9 11 23 ...
Após comparação com o valor anterior foi trocado.

[13,17,7,[9,11],23,33,27,31,37,69,71,77,83,25,39,3,1,89,93,29,97,73,5,99,43,47,49,41]
Permanece.
[13,17,7,9,[11,23],33,27,31,37,69,71,77,83,25,39,3,1,89,93,29,97,73,5,99,43,47,49,41]
Permanece


[13,17,9,7,11,23,[33,27],31,37,69,71,77,83,25,39,3,1,89,93,29,97,73,5,99,43,47,49,41]
Troca.            27,33
[13,17,7,9,11,23,33,27,[31,37],69,71,77,83,25,39,3,1,89,93,29,97,73,5,99,43,47,49,41]
Permanece.
[13,17,7,9,11,23,33,27,31,37,[69,71],77,83,25,39,3,1,89,93,29,97,73,5,99,43,47,49,41]
Permanece.
[13,17,7,9,11,23,33,27,31,37,69,71,[77,83],25,39,3,1,89,93,29,97,73,5,99,43,47,49,41]
Permanece.
[13,17,7,9,11,23,33,27,31,37,69,71,77,83,[25,39],3,1,89,93,29,97,73,5,99,43,47,49,41]
Permanece.
[13,17,7,9,11,23,33,27,31,37,69,71,77,83,25,39,3,[1],89,93,29,97,73,5,99,43,47,49,41]
[13,17,7,9,11,23,33,27,31,37,69,71,77,83,25,39,[1],3,89,93,29,97,73,5,99,43,47,49,41]
[13,17,7,9,11,23,33,27,31,37,69,71,77,83,25,[1],39,3,89,93,29,97,73,5,99,43,47,49,41]
[13,17,7,9,11,23,33,27,31,37,69,71,77,83,[1],25,39,3,89,93,29,97,73,5,99,43,47,49,41]
[13,17,7,9,11,23,33,27,31,37,69,71,77,[1],83,25,39,3,89,93,29,97,73,5,99,43,47,49,41]
[13,17,7,9,11,23,33,27,31,37,69,71,[1],77,83,25,39,3,89,93,29,97,73,5,99,43,47,49,41]
[13,17,7,9,11,23,33,27,31,37,69,[1],71,77,83,25,39,3,89,93,29,97,73,5,99,43,47,49,41]
[13,17,7,9,11,23,33,27,31,37,[1],69,71,77,83,25,39,3,89,93,29,97,73,5,99,43,47,49,41]
[13,17,7,9,11,23,33,27,31,[1],37,69,71,77,83,25,39,3,89,93,29,97,73,5,99,43,47,49,41]
[13,17,7,9,11,23,33,27,[1],31,37,69,71,77,83,25,39,3,89,93,29,97,73,5,99,43,47,49,41]
[13,17,7,9,11,23,33,[1],27,31,37,69,71,77,83,25,39,3,89,93,29,97,73,5,99,43,47,49,41]
[13,17,7,9,11,23,[1],33,27,31,37,69,71,77,83,25,39,3,89,93,29,97,73,5,99,43,47,49,41]
[13,17,7,9,11,[1],23,33,27,31,37,69,71,77,83,25,39,3,89,93,29,97,73,5,99,43,47,49,41]
[13,17,7,9,[1],11,23,33,27,31,37,69,71,77,83,25,39,3,89,93,29,97,73,5,99,43,47,49,41]
[13,17,7,[1],9,11,23,33,27,31,37,69,71,77,83,25,39,3,89,93,29,97,73,5,99,43,47,49,41]
[13,17,[1],7,9,11,23,33,27,31,37,69,71,77,83,25,39,3,89,93,29,97,73,5,99,43,47,49,41]
[13,[1],17,7,9,11,23,33,27,31,37,69,71,77,83,25,39,3,89,93,29,97,73,5,99,43,47,49,41]
[[1],13,17,7,9,11,23,33,27,31,37,69,71,77,83,25,39,3,89,93,29,97,73,5,99,43,47,49,41]
                                                                           
